$ANSIBLE_VAULT;1.1;AES256
66613331633933666534633838333864306536366339336638633039376438323365636534343730
3233323437306430663132376535313335333936656639310a633036343033343538376437623138
30303364373034316565613338633065346330613434636665616139363836643962326462653936
3563613066616538330a396163623366633939373834626433663462363462333230326539373965
38353634633136316235383161356137396234343732323239653038663432386663326666373536
36383265626334616430646133383533313130326538373634386365356539613166326236353232
62373061653032653038633934323363346665396664346639623438623735326262313738633865
39343731623330323063366361633331393664373431646436393961623033623862383437656361
35666435326138323534303064393839613738636435623266646466363437303731633230323931
33333639653832306336333563363631333634616464613633656239313266323039323466363961
62313566306461346334333833306436393933613966343463346139373539653462376564653336
36623634616438336664363933616430373433393139383363326633323637633464333133353333
36393930326230376231353335386361626237343361666363613263393661623031663033373932
37316136353833616530383065393333613339666638666661323664386234613235303136393832
32626462396535376664373930326531623438373233383636636265616461303236346139663264
30313066303131323962383036633232636131366634306663343939313366363739303532383661
66336439363734396565356464343065303463396430623464613663663730303535383134643831
64653964343836346366393534343636613034393364396661613233656664646265613461663632
33356339393331666630616537393932326431366637356161653765353033636638353565663166
34636565636436633064613034663466653365363532353136313433323261343335373136313439
39323761613539366161303332343166303533366233386164643939366231363836383634333438
31393639313330343263393036353865336135383961373632613962613763653265636663346431
36353130353363633638376632363063353036356630326661666634646639623533663963386163
65643331353432636339396335386462363737366638366565353665393765373562343863646234
61636630633439383961373936613436636333383434623833646536336435336231376633623333
31656237393538386461613366396466356631343334363538616564353031373734626138646135
30336437653863393362303662643662663763643566333934656530366663366531333561386631
65653937376263343661343430366361356462323965316664346534353237373337343237306135
36356261333562313937333639663538656431386337383033613962373865313230643066363138
38626166343031396330326237303862613661613962343662313163343561643638323435376163
38646234386361393962386365396236383966343232393765383431353066353830306330616238
31303238373637393432383263376133353039343136323238636432393032373138353439363636
39383531386539353537353863373862353530333939626466313166656537616665636339316464
30323634633863616239653238656564333565643037393336396532366664346236326530623230
37383963393837643861656338343461333635313162643063366438386338346437646162623061
36303731613063336265303861643262346264333962663765646366633365646432373836393962
62396261396366323636313762316166303939313739616338356362346330633565323938396439
34663438383361623365303464663965626634346531653136323564643238643536343466333231
64653430353637316564353665363662366434366134633838336536613538313034613062666136
35623931383133306666373763316430303136396561373934303632376334373430613735363232
39356262363866336532316239656434323065306666373464653864333037326533663437303036
34333333313133623330393939323064303232636263613830323033333366326665616363353231
62616537623361343562613431326664636431636436633730333735656564636462663963623535
61633565306363333564633538303362376464613365376461663534633162363933313063636665
36383861353636666334326266316238656332663330663039646666313065303738333334313265
34353531626564623064343732396437653833363033363232393563333331353031383730646361
61626462653239623930383131363932636638373635336161623437623032666566663562376362
63613962396537356139373838396166313233376339663564386337373631303634326166643961
31383562393133383631323538653763613433336231646265356437303332313231313733313634
65383636316332633339373666396664373238303764333432653633656563313664313332653132
61323963623862386435616232323361346631653839343566626635666333363966646666376465
35363230623638313064626338336562393361646634633935326239636537633166306635363430
34626537306337356562663939666436646134393538366261623764343466666333653665333130
30323034656533623733313934633961386636343366356663396334306137303337353561613034
39383930356462356266336462396561646666316231326438313935663635656361313766646633
63313161663031383935626234366464376435626633336162633834343938303038326166363237
35633864633231303736313366643564626432336630383630333233666266656163313865323934
33373563623961363862316237623139333763353836326335633231386366633239313135383632
30383362373331393030326437616132313335373630613632393766333832396433356333656138
32333764326166393737333266376334313138393166663939333862323531303565383832396664
66636636383330333061306564316238326633643565376236626161383261346564323866306632
31353634633031303663303462326339663536623439313032636164393635626436386339316331
39363036646565396166623330636338663563356138663133303532303131633566643666663366
32366565393663313633623033303062346538323562633034663561653461376164663235386139
38653664323937303232313732393036336132663932383563633362313939303932646633343234
61376435646134366230316638663939393363643366393265616563356362313535393934373239
62363365363464343966346534393765386462346233383566643761373534643264343137313435
63616234366230616236343730376439363366633166663931323633383666666231643636313833
65643136663464616262643838313033653338633031313961353766623961353463303538643233
33313531356662363464623332363462613930613064666537326235373265383732343637383539
35623566353763373131623638333234666134343963383536353034383763623432663736313264
38303236393561343134393461383463383530393962636336306266306631633932646438356232
38663362633861633332326266623532613363376136636663653337343535373863653139393962
63373763363165643662376430316161613539643463623339373162383963613664393462346362
62646635613665633739663739343663366431336237636435386136623433316233616430336538
63666534643738633862323737386131643163613862396631333933323865313632656233313332
64646661653931363231333932626238373330383239643061646232666436316463383334376238
38313831313563643139323934666433356366653963623339636664373561393634646365396532
30633861396265653465646438636133343866633133333436316630373463303435666436313562
65623166346637363464386536663934323634613637663561666131663863666234306430336363
39373765383662336637363239313134393738646263383265663135343134373266613165376265
65313039383664383939663464393636303734643764626262343335396264306163306539663136
37333638323965646537616162363831303330363134303138663064383961663334316535623832
62363931356535346535343435653734313833383861636364633563393863666564663364383838
32356263343437636561333764656361393630383131323562326366616134366262366330396536
32323735663163613733623863653539666364636535396561393732336163363261643464306263
31366533303332313535653431323061376561636434376465373663363963303536353062643935
32666430326332386566666635383835636261613861623036376264363662663632336336353834
35626464363065616330303830333537626636646131326238653436306539313864333230323039
61623131636236646164363066643437323233346637326133396433353964643534633066636639
37346561623736613633303961316433373064383361613532626664636534613033353666373862
37343335366139373034653365396663326538383863616162633261363338313231373434663463
66353063386334623734343963356263636534363239613637373334663964633963383061353531
33346663363737366539366532656462376435663735366135383732393461363539373535383262
30343337613165306630356162373832636638323534656334643362316563663535313665353363
39376437666363373230626661353538303633383037313930626661666539303663343033646464
33653964383964333131653032633535643133306134333565353763353635383839616335363136
66623335393264313938313837623336666565376166333932393831616464393331396161363866
36353032653736313539346433636636393433346566353835333461373534303763393361613566
39303830663961313963636232336330616465383239653933646532626137386163376236643637
34363339313064646662363234663762663961626262323765633534363561333134336135366461
32323639383231643662316265336366633731386162306131326438353038393539643561303634
62646162376637393438616463633130373863623861303539663231623334333837383131663934
39376365393334326532323437633831343537346562646466373235363631313830656131613137
36613435386535316638623863616533333739303462363435383965316137643062373035316238
31626535313335633563363131613731363538373331333261613536356337353732666131346439
61313631333937353965303035346361373665353835393365366565396337343861303339303230
34653435393739303962386236373365653336666230373438303363633065363333386231376434
30303939353731643839303135343136326433396566643933363932366262313733663064373665
62396261376363363232336565656330306137663464303737653835646638656232306235373863
61323135363931393161343538633735343365316665646261386539393964306630386161363438
30303632653832393138666632336665626535363933373032616431316462356339383132623130
39326332366238613261316464643238363535316230313837623134366435303266376338623862
63353137306661643665356633316263633239313966376331653236633963636431313234616232
35323032626365646466653462613731623766366432373661313539643434643636633563366232
66666161306163323934613534656239376363623964303838626230616134393961363831623233
38643164393831393238616162363130313362316564386665323862353361326232633434653235
66393335616231313163633633396261666331623637363765356464323164653162393466613561
33313863383230663333633234656262653033373139303061663137623437643865336666366133
65366531633766373434646266393939613731656335653137653839366461626437393137613335
66323463623461333937623461636564646362633765376433616466303266373966636632656636
65316433643930633636396665313438653532313731656330363466613439323538653261633335
30336338636430326536666631613339313330303664343832373163636361333765663962663565
31303433343639313863303436643539643765333237346438306261666130623662316163656464
34616238366532356233626566326133353136613531393539663638663463303939626630626161
36613632663137383161653939363630366337623733613437646531623764366662363033303934
31336265333765373462333665336139656664643965373265636239323133393866363831383539
64326666663439306639303539366539343331313165316438663036313034336164316365303237
36636236626364326234303665396437306234363332316336383533326333636538626139333338
61613064383039663734636535643234356439646337633465383762333439386462316564363432
34356461386336656638626539376561376134626361386466636137393163613666643063376538
33653362366464396631626239643164346330303130393262653561356330306634386565636362
30653831393233643436623533653064373238383364636435303962363766313665323333653036
35666433323565396662353032346532346163383731366633626463303431643031373964653830
62613434366564643364666661333334343235636265613964633234313533356464343762616438
66396161316435396265633338373730626338666464373036646337343766396165633538356531
37383265663137383462383834613937336431663937663665366266386361643164366166646138
32346461393136313766396239353965363363623265396563656336643638376532393337303065
39356333313061333666316230323361366665653234326566636263653666653332396135343632
35383037386664336135393638613466363833353032653637383430303637356231623932323137
64376334656165373965363862343436346139636261303933346430353835353364313432366639
32386264346462363033313462333930323934306131316531356463633730306462363232353137
63366131333266663663326362316264333937333863363231346534356466353839336136393133
30636361353337383833636562633237643235633232323833666430616431303738613431326337
33623932666565636437313765666165633530346430303163623138623432346631336564326538
37393565356339646339353363343331663538613563386237323462326266613939646433646661
65626633353434323863613530343261626133343165383563633433326537316465656536306236
32303037393532623934373332613432323432633432373933363339393635373838366566626531
37343437613362313066363434323935356236653865613930366131313532643636616137383763
39303438666334336163356239396234373962663037393765336332633436303136326537613630
38626133376330663136303564313730323937316231343962616132666538636236626365313737
62646165626635366131643561323430613137646539623430343632623461333036303836636265
35666432373866356438346339333566393139653463616633333534653465376361356434396136
63363466626365313032353739376530393737356164663032626366313865356235393765343666
64316164613930643961356437326532666539323465373832653466613433666237373036373161
39316664663039613466303936343565383834376336666635626531663862333561623132656138
32633434313763333132383763366638386632643832336361643534353336313134666665326530
34323637613761373235326462343162623166303930393962363631336362663834383938653038
32396461633833333137323836656666616638303431393739356433336463343436653965643463
63383037326331303162303131353631336463623966643735316634633133383433346633336261
39323237663762313734376664323333313038333765376234306134623234376238363530356437
36363137363537326235333238383537626336663737653565633662613662616266643837626564
37666263336664623639636563313063343765343564386630386434363638376531316362643966
36333063613162356265623534636133326531376465396561623739653661656263643232656362
65393138626162313434303064363433333462653764393736336235343339663336303238643833
61643339323730656264663962383665323439326634666334666465303563623865636265646165
35316163393631623734343265653463346132633236353562313961313138646637353064373566
36633139326139373130306264633534393630343837656534366465363837336465393666393333
37383835303366343132393533643831343931353132393631306434646461363661313339643163
31343163613236376666636238316438656263623338343634613462363031366634316437373737
61636364333239626239373435346431353963623161663939376464326335386233353434306266
32633137653563393634633434333336626230623866393739613963633137333935303066626264
31333234646131326232346631626235316163643861616639616531623361346165336531306361
38303464376332356234353932376264363161323563613237326465333838376566353837346438
33326463366338383865646536396434636133633661333631333034326137323235313135323865
31363664373837633464396165363535656235656434366333626635356661366466653734383838
39643864663164666338316436386431323064376632353835643263333562373130353263333365
62663335333935613332653638343937303139356338316465656363333866326264326264353730
62303334383336613133316439353166343865613438643161656138396231316232363862373261
34383837636333636432653864663736633430303665663463623364373165343732306163353236
61343638303335326232396166373761343135663865653533613031356366636330636333363263
61323939383339306130303833353634363031313834303834616132353937353234363935313233
30613230653663333434393464396630623538323163613666646661336331653432326133653065
62633832383031343036653264333932376435653233306436326537633564663363656165383334
34373038346566623835333365366263356336323431396238623236356437623839633430323935
36363136346532373463616265626332346537633564393861366636316537363865393230393532
30333139633138363235653732653963386139313133303235663138616461363738646633306165
65626561353234626432636338393166396363633366346430306465656337633861643930613130
37616232633532613234353335363332373034613537356438313264313033306366343961383864
37393265326465356332323239653465383834393366373737656266313164636335303238666662
63306366333363326132396134366232373635663362393239303431323734613632333461376566
35336135333365313631663836333531383939363861333837356436623664313331613931656435
35363034363134356639356337633932343330336136653632356637366439643038386630356638
34393061616534373137353638306231613363653765363161633835383935663561306663333539
30363435633638383935616235653239313666326661663566666238356233316562303130626131
32613136663536316337383662326439656230303636353236393063656334393230323261313235
62623531356662323137323730353838323038646437366239613134653636353437326264303738
34366333663464333731323832386566613862366434386535633436343865303635326664396462
62376634353837386333643238306136646665363534333133336135653536353731343631316665
32663461353038346465393034653235653934396634383563303530666362336366613735646637
65333034616530353536613663373935663130643737366337663136303339346237626562643664
63663965616431313230663130666536366664313166393133633032363561333265346232373533
35363964343034336565646236636633613333323937336336613431636430343233653364623132
32613138636461303131343161393936646331383030313933356137313232376631643730313737
37373932613363396563353462323463326562383164633939643764663264373732353364633834
64616430663463376365393666626430323635616238643232376333373065613533656463303635
37316263323932363363363266383966396534386338313737613731663130646536343134373737
37643031306236343638393831366431626430343539373538613937333166333138613538656631
36616239306134323865396532326434653139633436393664353839363638306434663461303765
37616361303833323365343063396235613132393861663935366437306333326534633032643062
63303433366532393432303464336561373262363437656131636562633635656131333430623638
30333439326437663837616238313730613564623364363763376334646261633565303030346238
38666339393739313662613334393763333534366537356631643661333337386237313938306439
36636631663136666432366434353632376464666139306630646630386238373933383431346565
65646161613036356335396530306532386130663062323733616139663937616332663436313132
62633335363738613836333935343832343766313963346438366330366339636231613562333136
66613238653530633062386531353435313035393439383965383661336662363462353937643437
61313765343535326562303566303333643235633766633238336265386533393465646336353330
31303666396564303462336338663032656531623262636232383334653535386138623635376266
38336432623530383465373532376563343464623637653430393331326137396461356165303036
32643039633837316662363835363338636238656635626639366537313432376265336666666134
64646361643362666636333830363234656434643966333734323936623030663064623036636338
30613463396466653235383332353634396631653135663965643736613130363464663938313066
32303631623937663531346135656266613461386239363136613035663061643638633334363133
64346564313066323963636564316163313766343339663230636632636232303563356434316135
31333764653935303034393234396662613864636266353638303132656663326330633239363731
39323531333430353537306139336237623563316238306165613435363137643336336361396137
63626534316134313434383563366335636639323662633238386630626262323932656662326234
37393633613437383031313035343434623037623531383965663963623730323432613036383533
30313631633935323136396232323631393865346562353330303833316366336463306138366561
32623563313533623264393762316663373432633137373235363531396235623436326561613935
62396663303435326265346161633133306465613563366538663039396362313262643964666131
37393134663431323130396162303238363264326636376639313465646566613838353061383466
32363538653334366331316439356361653139316664323134323930633331653733653230363235
66353439336237646432363235393035326132323266313733653338306435393937356331316263
65656335646365373531616632343434323936636562373130373665306264613266313438613264
66353632323433643561383137616334666132363237636232393163356438376461356534383634
65356437303436646336663566613937646231653865313261333238613938393032646463623938
36386461376139623965653433633337663734396533613831656165646239356462316239363764
37613666613736336536626533656661323830346230323239366535323736633339653766303361
61343439333963666663356232323336646438383666323338356337623466646339613865633662
31393532343430393638616237373436353431313434376465393963336432363466623365353830
32613835336435383837653162663233396335633935373737323165613036306162623037393235
38363366303463343962313665376366376337353737373933336135356230643362346164613661
64646236623737333061363930393233323935326265656661663338376163393231663837613232
66323432656239353635643164663931363964336531623361376434343934373133346164323335
33653137336339613335343765386563363163313534626235343664323534316337663339303033
34306161336335616163646562633563343132616536386333663866323333393662376437623662
31666435316233373834653739623535353038623532306538613431356338626234346137356237
63343539616166343439393437626234656466376364366338613965643161633865663663633465
36613534353034633237356663646662626534666131653630396664336131663431623966343832
37363830376231313530306636383663326662663636616261343136346163616662323839343131
65353662663664346139373161633437373439666536383832333866623963396362346539393330
66636236356663386561323132626232346633643965306363383261323166373333343265666532
33396235623033306537616665333137393264613938653732396434623739383063306263316538
66333138373936303833303432313932346430383138396432383265333564623130643562636339
30363035363531643632633039333532313436303735366661383862323836313565646230653832
35633535633864366636383334313735396437366635636432383533386539376161633962626236
39323637646636333964306539376362623564376638313562663839373966636437306535653861
61656262356131393030653336343130656166343632376530663537383232353938383236366466
61333533326537386636633266653731623063326130313236353063623133353339653933393539
65373565316132653662336335346635343534623464353065303031346434663465353433643139
35656631656261393436363537383737383161633031613361633430376532313764646138663032
64663532323563623030326265366262643131373232346236623161323931306665303837303666
34623739623062333232336532663361313064363266393063613736343636346431363265303939
39636239653266383464316333373837376364666636376237646465656130306339663966383236
33356564353161336135366530323465643738386234623835343236363035333831666561373661
66336262666536636664353337646562386630643838333239633664363134616230313831386361
34303664356334663836643335646534633765303131353164333432383933613566306634313062
33363633366161373562646330326534393662346232386639626631383031353766303830623161
36353865353638626634653230363165333037396237306662313636616234323130376133633830
33636435376538626466643964323062663031396461376436303137386332343830386430636132
35316237643136373139633161643734653438356639666166323131323939626438653632336363
34653232623566653035383535316265666237633530363934303739623962633363303063626631
30666139333231313433636331343339663764393364313539393633656236306133653837613165
36383966636562376538613336623739616230663630383838383437616639303166386532356532
65623036623962313739303830623035316565626338626565656436623739383639336664326666
65396635333231653439336338666366343533373965663535653232383662376565316631306265
32323964353535363630353935633431623261363339613732323864356561383330313161316435
64666236636236383831396537343137336234643939353137623230363937383063623833393339
37363637613562393237306135633736623332383432323439383832366132366634656535643135
39393436613065663235363763386362383563643566306466653930613838656134373036333733
32326232363731376334303232356563616262313438333965376339343530383930393234323062
62623230396331336536356566316333633535366131373765383632393630316164326336303934
62396435656538343835643132353839373462626364356438383038663061623839663035333736
34373335623466376363353434363766383238303734613637643032396235623638333537616634
64346138343437303733666135376563386636306137636132333139653362373562303530346132
39393839346463353161656561313235333532353634643436633535653265376633313837656434
30313834393530343031396432633264633835613666316331303730313039363735303264343431
38363732636266376163313339643666356331343333636238653131366432653534396664393262
65393861353266356163373830343937313231623461356632353630633336613731636661396265
36306435313738613934643737356337616232346565666661653938376165356336383931373335
31653533306665386565646262326435393736653837353538633832636234323532336462383766
31366362383434663137353030626563613962383966303235646537393434363432623164306636
32646336326461396338623338333431643437383064343030353666393632313634323238326530
66373865643034313530303831343536366631643633333665636463646431376636353131316234
35343766633962356564633864383561303463306161653739646338373836356366636630623633
64353830326134313261346433343364376362353235363030623034366135323837333761376238
37306238353132343761323063623039356535343431323361376238353931303333653632373933
36383931343535626539366264653431653631353630323430303732333232383563653762336539
63366363303166373036616165643362636261636236313562343235323261373039316431323938
66383035343664316339363130393861393563373866306133666336373662333061306537353730
33336131376661326334313162316434383665306234376132353138663765363330646633383439
37616263316265393431333035366436393765393032333463323033323835326337643464363530
62303435393962333032623036366262316135303131366566313564646537336665336461366662
65343338383262663438353436626161383962653434656434313162343230653235333561366166
33373666343264656566363131613037623634353435333932306335623566313138386335346330
30323330353330373138336563653166383963333332626431383938376264633039656433656330
62613936316338616136346563323835623363363738396531663737636634613731393631363964
64333565613861386662613936303665376238646338653362396539346234633833336266383363
37353064313831363937313734666231303037633633303130383231633563653761306566316436
37633130663330643165636231346439643564393930666465313238633939303136346333626539
36613364353535663461643365633831633265393631313763346638396634363664333965653961
63353964393334323036343330343865346162306464383534313437636633393739646139373430
34303536633236353837376563366265623635663836356138356336393138663230313638623163
61636436383465363938656134323431373066643634316466633434613836393363363333306437
62663930636465623434373966303435373332653832643632636138333836623337343034616137
38346431323463663739643562643165356561666630363162616133636161376634666234346665
66313035396637393330656631303838346631636438623962303731643637383537316164383063
61633736393861626337313938313330666430666262336434303537336666653731393537333433
33393832653461303335623239626462636564356439386161323763313836353537383432636662
34353064656531633466626230386133326662633864313633363434393865336535326333336163
31653831393562663238343035646164653238656464666235303835343133316539303139363364
34356538393936616434393737366435336233383531666564643763623164623135363336373236
62636635643733313962363866353363613966383364613664613238643264353135336464313832
31643436386432373662313736303661613736373235666263666435316635373934623133663537
33653264653838326265393462633366306435613438363864303761646166323636623231383035
37386232356536633065313236323230343938333863303639303730343930663832323337656461
38616539386632356561323762636237643335653535333836353531666166353161363731366663
39353035656133346438343266376566333066633864323337346438366364666539666561326233
62646238376565666437343464643264336630396430643763323436306538356530356431663962
63316631316233323836303431646635353062613236313239663339376439653065333830613330
64353964623537376634323932303264653730326265666436313564366431366138393732663963
65623766376633383930306165613333363366313831396362306638646233396264336432333565
62363635623834303766653265326664643766396634343263356565323366623931356261343033
61633433343162613931396331656433343664353665613138643935623534643564396234383163
39316565323065363665343765303333396237663864333338346263343537636231326232663435
36326362623739613830326166373737353137616335616662336162316139386663363834626562
37633566636632393665356663656135653866666364356539653631643236336134646166376337
36616534613935366430663361643639326631646139313037373934613032613836663235373663
36646664356265346238393930643939623237303961653833323233366339316362333137653739
61353033373835353838326363373562373931633433396530346361613734623833633931643833
62623465623461353939323032323864646537626134313761643365323136386334323733383364
36353533663462393765393033323663373738376438623634303334376161336531636364623262
62356132343662366233363230633965653735303961356137306562366232396666363330323336
30366430303364663466306436356337356233653637383866346163363933393566313333353432
35643161633930323664343033366136313835323463396236383234656635363831346462376236
31366665336562633366646665656165313462326130386130383438303066376530373538346436
66383137386661613437656537623737636465373739393766633665643030653731393966656238
64326233663135626634643931383131616462363936346530373262366464376339393762663362
65343237653030386130383264643935336164616661373130336230353361343465396438663937
66396535383038323338373261643833353361303364316363323030313063663132363161313434
31663631636137623165306361393734613736626233643466353630393931666363333435333338
64323438633535373435376436316563373833393332373739643335626461376662616536366566
38346663646164643337353732623937656135373234356331653834366437326236306133633635
39343539353065663535386563623432616662396339393637373435646433306637333132383061
64343763616363613134363763393565336430333032646665303062366537386164633230333635
30663439366235666131313363383733306265336239663431333263363261666636343836366565
61653530393938303330653165326135303832646439303764666638393833306634653932656235
62326365393035646237366336323233666633393833383739373030333362393431343966666434
38613765613533316164643037383234666463346362303465323136663637636363663263353732
63336565666266663836643031613137656135386166373335313437656466653330633935356535
37343739633263626333666338333037306635303063636266326230303739343437636165393438
64366234373364383562666631363961653130313766356237313335623661306133373633393933
37396334636538363935636131656339386236363735653035396633626630633064356237343936
65623235343033656466363132323536363632306332386262653637326536663630373634383831
61316332336161333638633765653963653136313039383535656235346234646363656233343865
35326534626231633565343561613661336438333431393161633531623666303764373738326431
66336135613265653637393830316535336133613736343262323235623166363630653865303036
34393531383935303861383837633139393237336664663035383430336565613735643433646333
62303338353161313737373936303665663164323230623964623661326238613333366335343165
35666537623530393838623166386230313032383938306364653366376464633064646133323435
65626163626236343836353838626561393636356233303262663764363433363432366431313937
31383130326633663530333131346338383862356333353263396432303437396263353737366234
35333239646138323130623334326333343834303535383933643066306665386234383864316530
33626533626262326438346166613731656661363966393339343135333966616632383338303232
66663537353938323762306563383866323765653566313137653138313137306130383233356339
39623939343838626330326439643862383263303735616239363165303165656263656432656465
39613230623963363463336138336464343336666663636336313635303133643930376266633264
63666363313166336365386562663738626262303263306232326662356635303563346138633337
61316263343230663561383834636637626364653261363965343931643236653463333961373832
33346430336133396130656535343263623464653563313536313762653461653765643065373230
33636136613833343965313430613638646531323964363264356461356235396636373434313838
38373734313065313862383930343930353430343737363639326235653264656336613366653033
31346465376263313330653536646330313565636633653435393438666234373336303931666266
39643561323764356433316361306130363233303632373438633033323936656534323234626135
33343263626533666133326130393865323266623838303531313438316132613830623632356161
36366635656237636266343165623865373231613366663738303737366430656139663938356232
63333738336434663664393365353338396366346363653365653836326662663132393839646134
30393330626139666264336631303232353664336139663063636165306434303664336662323965
62313063663463333434373438613464346366373065346132303861333330356436383934613633
63636261646339333762656664333965386366616165626162636362323764636432373063623766
63313861363334323938623437353735646166656162363865383832396363633934626335363637
64383037333139633865366334363935373763393337346361666334623534616565613062336636
61653561336235323264646134393436313730633335623663653432303433313538656665323033
33363536383064383562333530316661316233663864356264643365333331373836353438353565
39633763303733383861396236663932643463306465326230373838396639363031663762333236
39366630643865633661323037373866336262616533316238383230306565363765643632636336
63306363303235636330336464303463663033623730623863383634383964353961383238363739
65313061643566336431326339643338346363313031313739306362326462633134383232336166
32646163643465626661383461633863346162326538643530626562346635663562663030306238
35396464346130356166313863393539313730303832353831623537633362303139306537343939
31626630663539666163613961626239653263313431633261623737336261613966623333623436
38383436343764386332396331396139353239323132343632383831383731396234316535636662
35326563383733623630623231663361373232346561663666646566643533623237336461663665
32383233626139316538313762346134643135633738323637643432316263323532323963303438
38363635636361623030303930663133393666613533393439653935313965646366326234356338
39326231326661336234393639343833656166373634353538326164623434356336633365363533
61363438666438383736346663626134326237343864306535666333303435623961653361363761
66303835386139633732636535626263343962386634383666383432643437616433653730616236
31396463383762303766636639666530313131623762346666376233616637396339393934613339
61393036306132613930326434333936643037373236333236616438313163666633386464616463
64323036636336303139386331396532343538303035343561383663313964386235343137626534
63386634346462333439666435636537333066336638633039303335393235373561396166663830
39663161313463643162393735636633366664363431393331666630323063336234626134653964
63336461363862623134643162363439393662666666666561336532353263633264623036376433
39633763656537653565393066333839316237623061323264626665353134313265306133393436
39643563633335373465303734633134343032663934376164326134333530663665633137306662
66656632396163626663353161613562656331623564383862323939353537353465653831373661
32323938393730666165373033643730633362613236663833356663663161616461326130373036
36373039363135373030313134623030633738613836313234613861363964363037383238363237
64343864663863396662373436613736323033306131646265646361636337373932396239393765
64613834333730383930313331656362616261336261373339626532363430613338663232393237
64666430373332656238326137653261386633383834343564623339613136323936656234626535
62356239663463316464376662666466653064646663636337363134646134653435313432393537
62303030393362656234656566326335363137353635343333373265653130393638616132326263
63393863346337353936383064613064323831356237323861303833343534303630633636663833
63663236313631663736666438633566333839313038666366613566376532623333316562303161
30646563303931333738313663373136313732386630333437633631333439333032306365333937
66636633306135633138653930643438313866326239363664363764383133376462613630303938
63616535323530613734663861623661386333383663623635333364656362396432366630356362
61616435303065613438326234636536303262383265633865336461333766383537393335636430
31373863363563633834643734386339393933633131646238633732313237626566353666623830
63323333613030636335356639633163633235383538336630623832323131363166306238613638
32643063346164626637393964636264623733386230343936613138666366636633356463393134
38326366333835663431656662653363653262626632353331656139653965353030386234663734
39383364393062343733623834626664373034633236653462373962323534326139663131666565
31386232663965626366356438383335303137623862656435346563316539373438656530653064
63333466343739653230333837363639346339653462386535656361313533643933343666396161
39353437643064316162643065326530343537316338323663663034613263393164626461363738
36303136343531383632313134373765303637333538623534353633393837666461346362326230
65383436636534343264373537326465636234356439666130333462656534613533346232396265
36313138396633666431306635393535636139653136623433366666646635313964616337663961
36373164316561646266613362356339633833326231366230316136323032653032663634336431
39356135353235303239616265653936323639373665313166303438636363393237326562333037
61373263306463356531366466613535616135363261326263626334373130666131346138643062
30393764323965363065356336303562313539383839653433333365653635643062303666316266
64636438383566303931386239626261336461353935323839326238326130343634633762323261
39666464326130323230376338653438383238643735343637323835643037643364626438383163
62613565636531323539343064613566386232386334623263366430653362373362383462333431
32666231343566363030323337656231663339356262383265326661363039363939386464613364
32303135656561646132623932313865313461366639633037303035336433666432376138333631
65306662636231633266383732653530653661346636663330336134653061313533303038346330
64613965666161323535366364393762346433666461663736343635616635633230323831323838
38303637643039333833366530316265303534363061306265336362623638373865333330633431
38626266386666613634636365613165303330313266376463656663626262396665373931323566
39653736323037356331626530306266623365616666376334643032333163613835333362303834
62323830393237383232356534666564626366373133653739336663653232613539336438343261
63646265336464616135356631353634373335643530383135653937386132333431616639323765
61643139636636333531643864633930393431386461356564313961646635623066306362383530
66373565663463656463653438653839323437656634643465343730353364336633386266656166
66636166373231636431653437363865313162313334383433626366313762346439623031623231
39323838316636633036303363343739383238633534616136313163356232643237653433623538
62323234623666333735333966376632323663346639353535333035653837353938636266653739
61623639373464306336643561666364373239383366343733663232393939356636306436393362
34336235366230376433356632666365343639373666383939386161303365346264366236333263
39343430633038663965663838376238333637636231343163356266383938383738613730626135
34346539376133343732323466616537356466663866363336333362663062393866303137356163
37656565643863366337643638326163373439636464346334623035383836366538616236656462
32323334333364626638646538303631353366656562333663383264346439346663393635313262
37303033323864393631623831363836363539346237303734616461346535616464323662616565
63366430373665653534393064376136306362366136626335303734353437323137303833363364
34326436643837386434313435313730656533613134306236633261323936326334363730323732
66636631356231303831313561353565353461316533343731356136306137623730326661313263
33666437653561313038393239633365663035323262666534396364653133346631376231643833
33666163333361353639633066616165366664303932343065373361303666323631383534313961
62363763623838656437386435343530386261343162613939353561383333666431343461396338
36663339306466316664376137376436306333383962376465613833653237373465386165653733
63653339303839656539326637656562666433333333383861633361393361396166653736653532
30376238323134643238383730653932386665663639333434353466373136633136393366353830
37396337386563316332366234396464326365313437353965636565616534386666653835623231
31376137636530643231353132343832633765643765333063383938653134386461323832383864
35633064316231333039373663303361343537396331613734323662373335313866383230626332
65313035333133356636616161613861336238356238373962373564376434373535633061636664
63653838383738396465663063656634396161666661633632323764326161646164653965633732
33636430386361653331396266333465313434326364666138396364396663623838366461626664
65323537623563663639316361633332613762626361613237663664366530393538393536643462
33636431613331623966333834356362393837393336366165323361623936393066633931636238
63636439316361653565653132363932643133306562393332363039346265656661656538336332
39353464663562353230633164383766623862366532343932636133323334653731363666653435
36626639343932366562313133646232626638623337373931306439343234316339393463623465
30363464636166646134646161393261373562313364653530373164346234663263393536633635
35666333656166313634306632656233323832666462393631613962346639626663346430396634
32343661343838653237303236646562343633353730623030636361396632383637313938383130
61636338313933643133306565323037366432353861623464363232363332353931373733383765
62656264376334306463383330313938346664313566343537383438646661643861383961306332
63313031303765343466383461306436653039623061346336633932333639613034306561336536
39653339616265393461313666666137623466656638303263333235336264323236363764336133
38353638643339303339663963656465383434343132666336663362613164303239336366663937
31653437366538313730653734333162336665666536323133306565623662396430396530663562
38343634343531633531633662306131383839313964653964353664396130653866633033303363
34376262623762373866653831323536333063666231333865613766393063343639653136613065
61393965316131306239656430366363386235333363356331366462623362313631306633653630
30356433323530373861353463393034393234653563313563336165376232343737666139383836
39363832326638306164333437626434313861333232376662323334303335653738396237613034
32663334653462663736636264653838623630353766666565636133333361333834653765353266
62613637623265613533633533343931346334643464376265663034616437326363626233633266
65316164343466656235393139383539303633373935373139653237636639613764623831316231
33386434303961643737643561663966636263303836626438303235303337323831373833396631
36386461353363356237616139643630323131313339366139356230646332396331656430396366
62666433326461373134643466333361363534653161356364303038653732343931613731623938
30343364383433316438626139656364363135646134306164346635653766643934633032366335
30376235643632346532613639636534333263353566323531666132643663643534313862316234
38333131303865366366616465396233383531653161306661663230313739333562396631623762
30616432386334383534313739643338623331656262366434656538303766373734303261383037
66396537613038636263356662303635323262326630663237343037343565366339623630613838
30613232656633336361663037626137306131643833303065663565616562353561323462306165
62396331643164623837306636623239396532323338646662393539343666613534666136613135
65666330373836373730313765396438366436653761373532313039353263623436616663363937
38313366653265356231306263323263323332613235346438646330616637343461663163336631
39326465663334303763343337666362636566333863383063383832663465313638393566366135
32363037373237303736383837313735393061366637623632373333313636613034373335613932
64313961646161653065373764306132313661373038383135373239346362336337333437666334
39303636323066356239613966333066643163393061663164323138303265633638346433646363
37636431363363633939376563626234353133313565656363636634616538616334653138643138
33303734386564326234343838623038303566306437336564393738383964386237366438353438
37303837623863303739383063383031633461646163393734373363313736376231346431363539
38663739343936316132313666373636666364373134643063333435643430343661666665313534
61666637623463303863343866643662326566336633336262393861363065643139323563353138
38386462643763653934656362353965626637643234373438343937373835303335303338333263
36363366663263616539316132333164313663633132613062363639393961373563636564313361
31316532303534643362626131386264633032333834373034326666623463393739363663313937
62353334326662623164653139343665656431383135366366363039616661633431373237336662
64333533386233316638633139303163306233336565643163343630373662383765326163303332
63633238353035643061666232373530663733333235316637396530623636306437326439353161
64303039393263363363393165393461613832663362663263643934373239366336633962383165
65316334306666383734333136393065333833653362656265666464386536333433303062653737
36663966623739306137336664333131623339316534373039653335396333393936643437623737
66636638303766646132346164386638643266303333386335633461333532656333303262313262
34346462313934313432616634613730663536616665303930636635623436323639663336323266
30663764373034386534623035376664623133656262393239326665346336303135393261623431
63626263653263356536326438363734363262316537366666643466633639376131323939343230
32373037663733633364323461393932633336653736613136356630643333303130393565643061
30613833316235383535303535353738393834363665373134343431356237383934313833363530
64333963343338333839336334366638623261323237623366653661643836306163633930363663
37386262326639343338386134353962613439363762646262346238333234643062313163346461
66666362333164656263613435386461626666386661613165313264333437623432656462653564
36363336373333396130646466616538623230613337663064363138346231326430376439383866
38383839333266666234666434333939663664346434623637653564346539646233363339373336
38313439633736356632666264326365663631633234303836376630366162343264643532633333
39636533626238323339636666353132386364303935633334373566393861366134383935373438
63653936363231333539663735326330613936356434303161353738303436363838353232303838
38306339303862316361386366323632313065376466376530613531323735643435623065356338
34396535303164383964616463393830363835326361383765613364366434626266386438393161
32356232626362663038616233623030383537363534393461656661653762646134313961336139
65306134646538306438353830353930666537646538653033613635363635616366666233613432
30333161653131323465303731663634643933623463316433636463663563653134383336343331
65376437316132386633393461633064343330323361333132383931346232613831663365636530
31303762303463383361666639393435353765383737656135356565336130643133366136346637
33663339336534343934366434613437613362383432666435626438623835333639643636326537
39346534646361623636623066616632343831393839373134663066613462643231376230356465
30643662313830343837303863663863656334623337323939643432393164666631646663316236
37313230616162343033393638366664626361353262613330633164303332373137643030343633
66303430653463616636653832653932343835326663346135656136346162396261386163616537
65396463396464633236633763653731643766626661383539383064303535636431626532663563
64396134333766393665316136376264353762343238643062356139336431656132656365613537
30313235353637386534343532663065313361313737633539653532616363663266346338313662
30616362643339653862643564346363386538656330313564633232323238313962373463323334
66656237363233393637663830613161363961306337396562643934393463303231393935633664
64323632343735646262626161376134643934333234613262393231363465376365336432386638
32653565633932393036323537353761626665336236396137333039316136366665333866313565
63643338396430313437376536636133323834313737663537633233633330343133343530356230
30393135653138646332613530376365393335316430613534366634313834393734376661306365
65643232343765616437376633333531623061633464356231396238386666326464333164373864
62346139326662333730646237323066636635333335313138643931313934643733653361363863
62643461316234363332343436303538383461313233356661663364663063343536386132376136
36333864326266616266613834646330643231343732306562373430623965383237346362623865
61636334633534386537323731373665633464356338303637623636633932643361386537653732
34383564373130613262376232643930323762636365303362303237333163636235343534613738
64376638373465336637376532386330323232353432306631663861356437336463396339313438
66633064386638636639623236373531316261353932356530396133616630333232343563663234
39623365333939356134353665653964663666316663313531356137313430323465343162353565
35626433356532396439653533323566633161323161326363323662636133306336383865313339
33323831663031363030373331343637346234616135366638336533306634643932313139663733
35613133663263613533613662343462393465356232666662313434663230616537393763633232
30393965393661666639393938326136373537656237343063373963353165613161306265303739
62663866353833326338366233633434663239356566386663386232353336386264336431373563
36346334613961313064323662336338613664396464353237616263613732643531613333663333
37383734303465306532316233393864643630643438353933636339306233363763393030343863
38356636376664636530666461616562343132323161396464643435646334373464316231616530
65373539636165313131646439643035633461336532303331386235323536353939353631366139
66313566336366666432393730376134623338316231363337306665366463633365313831333466
62333664663739663432343565373839326232636163303964666633626264356239366561373765
66636165653839623432336366346633303337303633653730326166616631373634336661303665
37616565653638393738323136346330616465346365356237356635336133616239393537623362
37376361346335376234383235356430643032616162343237363465393562343662336664316435
31333530643466353332323963303734353166306232373435626335386364376130633432633362
31623163366332643338313235636335306338393439363664393637366537363862343963663262
63346535653932353365316365633361356637363632623939643232626532373735656633303839
33623037343931393863353465306438303732663134363036636564316531376161643765386261
62643964326261313835636134303339326135386432626339366463653130356532613438343263
33626462646163313366396230306434383836306437323535333034663238363435306563303631
35343835376331323362373135623836336431653764373237653935636530303564373466306536
37323962313366393631336666303266623965343562623734356131313963633130323635323733
62383835366165626661336339663230396564613739366332663730303766633333323162303166
34356262346537336238663562656637623334363561613939333234636331393931323961326232
38613130346165643136343236386331316330396566396366336337323539363539363936633732
62313132363562653138306239623663343366623033653765333531343231333831346433613764
35613535333538613865323334393739613239316361373464333538306330646165333262663836
61373032623034353736393865636461393936333430633733343566333636653333333562613732
33626137653365663638313039616362373437323365323137396238643836333839323332316533
62353839666638653433653335373063323630643032653435353662643631653731656336626238
64653633383864363939663561363861313665313933343533613237376539623432303133303235
30343732393436663262653133343166636130396636626432396236616130633836373064353334
62376334643862616331393432613337343765306532386239653666663264303734373133373934
62343831356564613435633463313233656538343433616434333763343066393964663238643862
32653339386530643230323662633233316338653734316162353738393738333665366432383833
64663564313836636464303764383734643931666630326566373931653730643933356631353631
39343637633131666137323236623261363831353631636537343666366330323230356261633839
38633234373765346239323961366234313435336565623965396139306336333836393066613235
31643032383138383435353864306139303532343637343838663933636561623031336632326539
65356466633866366436323266636561613335656263363330653964326437393564626530376536
63396561643633633164393136326233383232623238633639383366303762366662303137346165
65323738336533646235646637383330326438306137333630633963353938663337663439323535
63353363313533666530313538326566653836656233643566386236343064373330356233363163
37316331633631313131633132303265656466653435653536343338646438356363386362383738
38386138633838333732313934353766626465656263333764343432666436306437396138323062
61646561306235613861323338623337323332313731373261396338386634323035353964616434
63623132616536613465366435386361653033353632643366646566383835393263666431343933
63373063613732323064366464336462663465313139326566633466323339336431656131336136
66613866656436316131366531646435306232303832623561646234643166353061336365343833
65646362613061323936373332366132316633343763303631346630333734316461636139343165
34306436306462666632363763336366373965623130656366336335633233326338383930313863
65356666393764353861653465636539373630343333666262366331666534636636306465306165
37303739343738343733363866303965393934346338663864383936383133333461313232333239
32333138303333396531306466346430313236303031666633633634656235373765376663343935
32663564613531623963616364363237323932366566363635356239666131363461633866653334
63386365386161636236646530663535623165663638663562323237626437633537643461643965
64313630386461343666316339323764313932653336383939646666656531636564663764343362
37333939326434353734323733333766313337313361386637366330323439336638316135306264
36326361303764336266653530323762643739623761356335383564316132333961613433633331
30356563623534353933376133626464623837656663623162353130636661303239356661346362
38396661653339333230316632366330373538326461636563306630383764396165646266306338
39363234336634666234366635616234303835653963633963323366326364323861366235643132
34346630626362653063386232326661633961326164346261303636616266393435316364666163
64373439343265653663336362336466303766356461333632373633373736656638363966653031
39343763653961323537303738613733616537613631386533313039353538353232373161303431
34393334363665616635366337353336366133306562326639663161353966613766616463613234
35393631666535376533663462386162373939653532663438336263663966353033623736393937
66373263376237306363633438343135303861373336666565316239376233343764336261323465
65313262363636346634633034666230313537373434643163343937326466393130346466646261
31333936393666326331333763353461353162386361376465313565346532646531336665636161
34623434303739633161313830306232326266666233356632613663313231626430633762633630
66346662633439343131306162396366376539323639643533386361316532346532613832346136
39393461373338653433653963343237376539346437366537613265643266393631613630656336
63366633626161623432353466623439616330333935613033396639323734623633303963616163
66363362356563323335306434326533626636336333396635373066356165306230653065373238
39323536376332303964303832643738306530666532656137666266353635393133303661633861
66333331346361396639666532346365343730343565343462343738343130306665313061306334
62653464653865386538333061343761303931383965613037383838396239366531623562306231
39663166336162316131393264356132323935616234616439333435316135373234396361376231
35343135313063363938326132306539626438316265346561646365346530386164303136396639
30313236663330356237313539663464656564663265616436376665666534626637323533626332
35626233653163376533663337383539633530323032373437363534353431613631333533636161
31633839333561336335383334333361333330313533616535623865616465636330373832363731
36393839613866386132663939613633613465663530623866643762653831613838623565316138
30633061636432373234613530366463393738363438386630373666313330656431663932313830
38373734336163336562646361363362356466356632396163373866336131323239653964626532
37373635633864623835323336616664356535396435313264616433633531303332336164373666
30393333356230636463376233623635646661326565633035643033346263646434313732393434
64616633653561623634376538343738646535353864646431323939653535343033396565343733
38643434336538633366613833356538313337303733363062386234323331396262633435303232
66303933663964303634303130323039633337333166336436326165303633383832653038303030
37373232666265376332363435393639666430396163346363323764633765343935303331633134
66663362656130663335323236313634333664643231633833393365636566666566663632393832
32346464653539373934386435663163646164663964623132626337663634633036656561643032
31353365653363626330303736393334653034343134333330383865613930323435343264363737
35343630653462333933313063306465663635323139636463336435343331333836343839303539
64623530656136643036623864356435326638376437623861336335356133346234353866363032
35626162663861653830653834633133316434383034306632653637313934376536353831623838
39363736343236633166323837343234376162373163326430343763653864653430616265303263
61383631356231643539663730666531356665666234383966386365353839333234333364663131
66386361393134363730373363323338323464373639373838386165326165663632313636656166
37393765356233613035336262643532616233633230326137356135393439616665663936663063
35613735643730363561313538316466393564656232343162373961303066346539656465363139
65646133336537623630353738393364303238653861353433346635396564383931373964623465
36633466306161646433646535633736323963653763663330363131386466653237333766313030
62636232313232303035616339346361343539383563313064613330656561633831333063356131
33356537346330623137353031393835663362313065396534303133346362613766336536636536
30396462393130343463303731336364303737353765646565613035366566623932643339386665
35343838306365376363653661663638316465313865313836326233636439383163386566633734
63653937363363333733376264353361353931616333663438383230636566336330623866396364
38363231623536303863366138393361336537346438383435656164656638323736343034343039
65646332626237636664326164366530666331343034396533656561646463303866343231323862
34386164393938346437376430386464356239623935306232356565376466353936613533346233
30323464343433313265656564363936626139613030333239326466613734363033326366343463
65636363363531343863323338363464393136366663373737313232376636636164396531323562
30323065646639343330623866393530396533613766626632393764393133363736663435383964
31633565663561303230326163393262383636326133616536663830666165626635383532316666
31393935663336323935356131633135623431313264616139663632316164373735393865633464
61663962356533363137303033353239333865663937616466346634316535316665303538663732
61616630303839663562373830303366333338333730626231346438373033343831366439313832
66353835306632613838623434323061363631373763306333353833646134376361356363343835
62333264343132303037356634393631313032313961383165313663346432373362383062343739
30626662646663326663363839326362353339663637313730366564643430323762623836626536
33393332396364393337653065643639386166353964383730616163333165353536333533376163
66323161636332383366313836396332306463643263613235336439636662373064656634636166
66323934383836303130333138613732316336323364326335353632383732646461373738326536
66316366353166636332643862633738306332323835333363616562623737386239643264383462
36636432623739653833353031303964656561373932343965383036646136373930326236623438
39376639653130633133663238346565633461656664346139306133636562623763643232353338
39633966656265336461633037393538633763636139613539613538343730623130393835313762
34313062303162346634653238643335633034396165626133393837633731646562636435343064
62303530633865633039353562663533356436306533323239346435633261373833313838336236
37363238653464323637306335623137393566366239386539393061363965393065333962623836
35333235346264386265663430653033393066306134313364643363396263353363393637313835
39333266323530393339343837373662313932663838613036636234643336333434393132313938
38366162616164306163366531663539333562646433643433313835646666663132633731303934
36333930663963323934383663346662393233663562643664386466306337623730663164316439
33316630336633373362366637303161346538316339386131326430613365383336633737366663
62363332343032613031373834666566366461663437336133313839303035393339656435646630
61373066623131323366356136386665636339356165356136633765616533316537366633363766
35616136663530383733353230636362653964616537653733316234326432363766613138626439
63366330303962646233623939303134393061386162366463616137383033343439383038636130
66626165653865643361353364316563333365613238333136333534313263373464303332623661
36353964666130636238313937393531303733646237386338316232663565636137613863323435
63636635396631363435366362653434376337393633386566323837383032656661333462316138
64326536343732643265616562323062333462616133336330373834663730383831343835396339
35613630333662383430376539393864633838303863633566313862656362316335373630643432
64616235393333376366666262663233353039336235396632323831646434356430313337666330
35323833393264343163613839306365643439363162343866353861323765613339663331653132
34386337633564626261363661623163323237326665333333646362333134656364653936663135
31336330393838333739326334616632653366353434316631653863386266376338353039393433
66303366313163633938373563346563626431343832303262373238306631346532363663636338
31613337616236323462613439336665356466393938303665386634356438343265383162633035
35633066353633303566396365383564656235393432663864393033383638636436633331626533
66356637646261663038643130383961663131653432356165613262626335363366363434666637
64346431376161643035323562373731303664663263306531376661323839653738333364323639
66366564373431376232356661343262633063373030356533666664313030326362633862353736
38363062306537323437636632356332383137623034326165633431333231633737363631366666
65623236373363373038343939653034646265363865636166316130633862363364346466393164
33643133336530646164313135373239323638343637643531623838386534373764646161326663
34393465326132643063303763313334333664653635313136306137386437393437383562363363
61353633653364363366373664663433313037613139626538616263613163343132366263373465
36396666386233636461353033386634636362316131386135666631623363366265633134376364
30656438396265633337383764353231613633356664623234326536383864343831633532333538
62656233386138356232343035363736393166336635643332633133663733666633646465656632
35616138366464326438383738386463646237386663373633306262313232643138356436316263
30336462326361623630326262396330313566613563643461633035306130346631626636656434
39323061373965363463613864313365363530313066393832633736366638333732343739326563
66363266323132376162373032626535353232636336306264653365383930346436313037323532
30333563396266643164336662306165633739306531356438383863623164353239356262636561
39666666666136323931316161333462346238636665633233663861323034633939353437346263
35393130306131643966323462386335666335613263373739386130323466303966366162366366
33633164636434626234363130353838346564353563646530663164646535646239356632623965
30663564656266383139353564653536393736643938396336363431663434396337653830366233
30656664633133613336646130653638323037633263306132356261386533613738333835663831
30383139336333313630633263663861666362643965643935656466323365303661313230363562
62373665323938336164643536613361616164366230306239633332353030613763373538373932
39633439316139663061653761386536623165346236373062336566396434356336653630636536
62303231666230386361393566396234623139633063333832336663633238333837623762343836
33303463346564396535666337386164363234313739626635656661353461383935663161326133
35363063376235366632383334356335636439363130333766383939313039383235386439626339
65346461643262666165386430343862333933616466303862313162363565363063393335646164
61373437336164376464383464656133316339656464623763656532613533633438326232626535
65303764333564383938373732353166613636636362616638373865393364356231306164393330
64373339323133616162623232353130653337663366383830633639613265373132343939656333
35323539656333623139343061313133653162393832336262373035666364613833613939646364
33383766633137323639663463643264363432623235346265353862353264333834396264643539
62653331633334393530383561363566613132613338386437626164396663366166626562636661
39323361366638613335346439366535636231353332663930393332333165643737376662303864
63663965623461613530356364653631633361616534343764376161356263646339373061313731
31633463396265333938393339643766343831623066326134623430623636383963643033653762
38386462393738643039616238356538323637303639646636343165646235653765306130356332
30633932633833666338333835666431646164663561663934343338636166303939633339333836
63356264366531373965633638383462393737623636366362393439383033653831343533373935
36323162626332333135373539363337656632316639306434323365303536333836666433663434
66643334663734633333613666623833313464666539346366643862393866313061393664623131
62343832373663336639346433633832643439313964376239333265383336643738343264376637
64623734666334356530383330343663366563663838633333633435373537303561613332363263
63633331343435626335373633393933313739386439393036623135613761373637636366313338
62373430316362306232656266393337396435356362353661333163303230363262376164336634
37636662323233653236323537363238663038636361316235303266646530643262393232386530
35303439316164393333393966393336636131393261323835316632383635366265666266376337
37323535373438393863646637643562333631616161333534306432353562666131323363663965
38393431303136636264393532336432666131376638373464633463366634336163316564656639
39626565313639653331386539343735346330343734616230323261333265383363313239653033
35393739333238373639393138356138616561346261626164666133366534383130333764623933
62366535306231363063386234366337393132373336306335396136343065623930613333306436
63326562336539336535656264393361343333383662623339383434643332633535323865616636
62393539633438663762636566383036363433653935613961613832333661613430346366653533
39346364363165376237383836353830626361623032386133646431363161353064373739326538
36353165623265663562323331356466623035383036333761636665386364653263393535333035
37346533653433376631626462646434353734616430303638376336386133303231383736636164
30316433303730306664316665333235353339613437373531353431626438323038323735323332
34666537666536396437666332313261626431333332643163326566333766306363346338666430
66303165646438303337613134656162613034613361343237663765663437303761303463326230
35326461326539346638366366353932313532616338623233343764643031383863386436656334
34313430316161623235306464653762323037366530396632346335313037383832663532343662
34323466343530396430613232376439303237613662393034613433636333663333383030363439
34643736343635653937336662383033643735343562393639373365376361313332643030316239
33336136303539623062303965313861393565613065636433316132373037633239333634366637
39333837363939383931356634306164623066333263333937626334363664353661663462393435
66313236363831313065376561643234346166333039643564616631393533343036373334343862
30323961313938303832333836616265653463623338656237306231363430333166346432306432
65353864643063376364643935393662336164386430316262623031613663646631366562306133
39313335353066336261386666373533396237366533313430666161343337333238613734393366
35346137333165663533323137313436366164333362616566366339376132333562336534313038
65653036333065326361383965383131626136636437646563356531306438393464373137666462
37333334633532646234343931396339356330613438383732313230633639356461353039313161
63383766363839333165643738313932346566363639333331396235306564376431306638623461
33616163323134613833346437383363363532626238373139393731343931343664313935633331
64333665333166616266336461656432643766623031336633663031363864396236623062366233
64633035623535623163663437636537333961326261626630343134663437386162363539623566
30666336323765366264653165383838633535666435363535326236613464366365646532633766
64303262346461626330346566643531643066313165316531333666383138373736323463346564
37643330393066353230353764333966646633366537613938646261636336303034353937383833
63383961643433346165393231633236633834653863393537333032623938366266303661303434
61323062396362386263323066303062353337346364303233613132646633323232393631353036
35653565306465653030343536373330633663383730623665656533313632303164643538646233
32643162346466343931386134613562366538316538303735396239396638396430343337313661
65626665356239323935663565323239323566616561326662646364303837663466663137663132
66666463386565363632353561663631333638356339333163306566656663346435646635313035
64363634343035336439303564646130346161646538643336663266363739663238333137643931
34353766323937393535376136373566616665663231386563393262376434383933656534656438
36386363663836636266396362383162343630633864396366623164386636326237313136353633
38633837303465623131396363373165306564363631363336653962356430303734316566633263
30333531613266623435323261363661666531663933303435393663313130363661333165653235
61623532313236316337396633373663653661333232376534353039356237366231396535343632
63666366613962313833336639623233336630383232653739653366333861356231343830623262
36613861393061366263333532636162333038323739613031663863646130326137613964643431
63656661393638343766633062356265356130373566323965336266303366323437373863393037
33333162353535653636303766393137343834383436303965313366366563393633383730343235
64373939646462386337663663313065376531343964363265366531633461393166396464666439
63386565366664626166613863666433303061333066323566653861616530663331633032366239
37623432336364663635363461353532626561663730356466636531366535383764343437653533
35353435356139333738396361346530393531343930356430346665313338623464376137373364
64646438393262303766396530363565393737636466313431373666386338613931306230353232
36306564366233393366333761386135646261656262343432323931613566393963376633343766
31616338663161623637656161383033343837393761653065663961316436633630323366616231
39663430613065303539626331616334316136663236393463376364616438323332303335633632
32623037306539353965666534613962626635343438396337313836626439643338653533366561
34383931636137623965653363666364323730346534336531363430333537313936383433366231
33643163373035633538383863336163353733633536366666393836663631303539626133323633
32343462613835323238386133373736623031633537303330626136623063333665616464386530
34303833646563363334613135373331623130333638303666303232323138373662306162383263
61383038623462636633646165396531393565613137333632666136383339373135396333643265
35333562656464366565363762393631366538383839653161303461353663613935366563346163
36396462373936336164356462313166643761313738316462376166323432363837
